2090110
95150
405050
1570740
19170
1828160
79880
344320
1389220
14730
760760
39410
247780
467730
5850
2081300
90210
399670
1574020
17400
1821610
77540
341110
1389260
13700
781460
36710
248760
490660
5320
2097310
92840
403320
1582150
19000
1815900
78170
341240
1382280
14200
764420
37580
246250
474910
5690
2115180
92510
404060
1598750
19860
1840800
77640
342170
1406540
14460
791650
38890
251440
495680
5630
2130250
92100
406040
1610150
21960
1861190
77570
344700
1422480
16450
773460
36490
251150
479500
6320
2098050
87550
401550
1586790
22160
1855820
75510
344530
1417940
17840
763930
35580
250230
471700
6420
2107880
88060
401570
1594370
23880
1851010
75080
342580
1414410
18930
788770
36620
251580
493270
7310
2114400
88660
402330
1598080
25330
1847560
75860
343250
1407740
20710
769490
36290
248630
475600
8980
2119540
89330
401650
1601450
27100
1851380
76170
342220
1410730
22260
765480
37220
249260
470520
8480
2101410
87580
400860
1590110
22870
1848220
75240
342960
1411050
18970
768350
35660
248370
475290
9040
2105750
88990
400690
1591780
24290
1843920
76380
341660
1405800
20080
768500
36130
249960
472290
10120
2123440
89960
402360
1603410
27710
1861580
76080
342720
1420080
22710
771600
36060
248050
474680
12810
2138080
90930
402480
1613950
30720
1878500
76940
343050
1434160
24360
779310
35840
250750
479070
13660
2149340
91390
404350
1620190
33410
1873450
76940
343150
1425590
27780
781100
36030
250140
479850
15080
2131690
90530
400900
1609140
31130
1852270
77740
342530
1405400
26600
799670
36780
249940
500000
12950
2139890
90340
400550
1617040
31960
1883740
77020
342350
1437210
27160
799520
35880
249910
497180
16550
2145780
91990
402040
1619840
31910
1889700
78600
342760
1441220
27120
796980
37190
252880
491010
15900
2142950
92840
403430
1611940
34740
1877380
78470
343150
1426340
29420
808180
36020
251240
502530
18390
2108820
92050
400160
1585680
30920
1856420
78870
343440
1407590
26520
786700
35920
251530
482870
16380
2116540
93400
401400
1591690
30050
1852980
76750
343870
1407230
25130
788900
33850
253160
487160
14730
2145120
94590
403780
1616440
30310
1853970
75730
344160
1408970
25110
781470
32360
251440
483460
14200
2127060
93460
403360
1599260
30970
1841710
74850
343820
1397250
25790
782680
30930
252120
485080
14550
2160420
95200
407000
1622670
35540
1876640
75760
346360
1426360
28150
786860
31560
253000
485570
16730
2156540
95070
404760
1626050
30660
1885780
77260
347180
1438300
23040
789630
32640
255920
488040
13020
2165290
97720
406350
1629980
31230
1899370
79040
346540
1452760
21030
794240
34200
255880
493220
10950
2168890
99080
406540
1633950
29320
1903550
80190
347790
1452080
23480
793190
34420
257410
492460
8900
2196180
102680
413050
1648210
32240
1924520
82440
351330
1464650
26100
795490
35410
256470
493430
10170
2200540
103430
412480
1653150
31490
1934570
85050
353690
1475870
19960
815290
37730
257030
510360
10180
2222370
106760
416030
1665950
33620
1948390
87270
356330
1484330
20460
807380
38940
258930
498860
10640
2239740
109720
419380
1674420
36220
1960690
89830
359740
1485310
25810
806530
41150
260360
493140
11880
2242450
112090
422140
1671130
37090
1979180
91990
362260
1492830
32100
816200
42140
261150
502970
9950
2251260
110810
419510
1683510
37430
1985460
92720
362260
1497200
33280
836150
43190
265660
515980
11310
2252760
113270
421200
1680400
37890
1835570
93270
359690
1349790
32820
860050
45370
269360
521470
23860
2232110
112530
417910
1662520
39150
1928010
91570
355150
1455140
26150
795540
42660
238940
497280
16660
2133050
104880
396480
1593900
37800
1844210
85180
333370
1409350
16320
702100
36660
215360
443750
6340
2128470
105300
395960
1588750
38460
1842590
84730
332920
1392420
32530
769460
38780
234850
475340
20500
2130680
108060
401880
1581010
39740
1869550
89440
341930
1403550
